15 0
10 5
-5 10
0 15

--------------------------
20 : 1 2 4 5 10 20

10?~11
6?~7
4
3?~4
2?~3
2

20 0
19 1
18 2
17 .
16 .
15 .
14
13
12
11
?10
-9
8
7
6
5
4
3
2
1

20 0
18 2
16 4
14 .
12 .
?10 .
-8
6
4
2

20 0
15 5
? 10 10
-5 15
0 20

20 0
16 4
12 8
-8 12
4 16
0 20

20 0
?10 10
-0 20

20 0
-0 20

20 0
17 3
14 6
11 9
8 12
5 15
2 18

---------------------------
21 : 1 3 7 21

21 0
16 5
11 10
6 15
1 20

21 0
18 3
15 6
12 9
-9 12

21 0
14 7
7 14


36
18 18

37 = 18.5
35 = 17.5

35 0
30 5
25 10
20 15
15 20

